12-05-2025
09:30:00
-0.01
-0.06
-0.15
-0.28
-0.44
-0.64
-0.88
-1.16
-1.48
-1.84
-2.23
-2.67
-3.14
-3.65
-4.20
-4.79
-5.41
-6.08
-6.78
-7.52
-8.30
-9.11
-9.97
-10.86
-11.80
-12.77
-13.78
-14.83
-15.91
-17.04
-18.20
-19.40
-20.64
-21.92
-23.24
-24.59
-25.98
-27.42
-28.89
-30.00
-30.00
-30.00
-30.00
-30.00
-30.00
-30.00
-30.00
-30.00
-30.00
-30.00
-30.00
-30.00
-30.00
-30.00
-30.00
-30.00
-30.00
-30.00
-30.00
-30.00
-30.00
-30.00
-30.00
-30.00
-30.00
-30.00
-30.00
-30.00
-30.00
-30.00
-30.00
-30.00
-30.00
-30.00
-30.00
-30.00
-30.00
-30.00
-30.00
-30.00
-30.00
-30.00
-30.00
-30.00
-30.00
-30.00
-30.00
-30.00
-30.00
-30.00
-30.00
-30.00
-30.00
-30.00
-30.00
-30.00
-30.00
-30.00
-30.00
-30.00
-30.00
-30.00
-30.00
-30.00
-30.00
-30.00
-30.00
-30.00
-30.00
-30.00
-30.00
-30.00
-30.00
-30.00
-30.00
-30.00
-30.00
-30.00
-30.00
-30.00
-30.00
-30.00
-30.00
-30.00
-30.00
-29.99
-29.99
-29.99
-29.99
-29.99
-29.98
-29.98
-29.97
-29.96
-29.95
-29.94
-29.92
-29.90
-29.88
-29.85
-29.82
-29.78
-29.73
-29.67
-29.61
-29.53
-29.44
-29.34
-29.23
-29.10
-28.95
-28.78
-28.59
-28.38
-28.15
-27.90
-27.63
-27.34
-27.02
-26.68
-26.32
-25.94
-25.55
-25.14
-24.73
-24.30
-23.87
-23.45
-23.02
-22.61
-22.21
-21.83
-21.48
-22.07
-22.84
-23.54
-24.13
-24.58
-24.87
-25.00
-24.95
-24.72
-24.34
-23.81
-23.15
-22.40
-21.59
-21.15
-21.48
-21.83
-22.21
-22.61
-23.02
-23.45
-23.87
-24.30
-24.73
-25.14
-25.55
-25.94
-26.32
-26.68
-27.02
-27.34
-27.63
-27.90
-28.15
-28.38
-28.59
-28.78
-28.95
-29.10
-29.23
-29.34
-29.44
-29.53
-29.61
-29.67
-29.73
-29.78
-29.82
-29.85
-29.88
-29.90
-29.92
-29.94
-29.95
-29.96
-29.97
-29.98
-29.98
-29.99
-29.99
-29.99
-29.99
-29.99
-30.00
-30.00
-30.00
-30.00
-30.00
-30.00
-30.00
-30.00
-30.00
-30.00
-30.00
-30.00
-30.00
-30.00
-30.00
-30.00
-30.00
-30.00
-30.00
-30.00
-30.00
-30.00
-30.00
-30.00
-30.00
-30.00
-30.00
-30.00
-30.00
-30.00
-30.00
-30.00
-30.00
-30.00
-30.00
-30.00
-30.00
-30.00
-30.00
-30.00
-30.00
-30.00
-30.00
-30.00
-30.00
-30.00
-30.00
-30.00
-30.00
-30.00
-30.00
-30.00
-30.00
-30.00
-30.00
-30.00
-30.00
-30.00
-30.00
-30.00
-30.00
-30.00
-30.00
-30.00
-30.00
-30.00
-30.00
-30.00
-30.00
-30.00
-30.00
-30.00
-30.00
-30.00
-30.00
-30.00
-30.00
-30.00
-30.00
-30.00
-30.00
-30.00
-30.00
-30.00
-30.00
-30.00
-30.00
-30.00
-30.00
-30.00
-30.00
-30.00
-30.00
-30.00
-30.00
-30.00
-30.00
-30.00
-30.00
-30.00
-30.00
-30.00
-30.00
-30.00
-30.00
-30.00
-30.00
-30.00
-30.00
-30.00
-30.00
-30.00
-30.00
-30.00
-30.00
-30.00
-30.00
-30.00
-30.00
-30.00
-30.00
-30.00
-30.00
-30.00

12-05-2025
14:45:00
-0.00
-0.03
-0.10
-0.21
-0.35
-0.54
-0.76
-1.02
-1.32
-1.66
-2.04
-2.45
-2.90
-3.39
-3.92
-4.49
-5.10
-5.74
-6.43
-7.15
-7.91
-8.71
-9.55
-10.42
-11.33
-12.29
-13.28
-14.31
-15.37
-16.48
-17.62
-18.81
-20.03
-21.29
-22.58
-23.92
-25.30
-26.71
-28.16
-29.65
-30.00
-30.00
-30.00
-30.00
-30.00
-30.00
-30.00
-30.00
-30.00
-30.00
-30.00
-30.00
-30.00
-30.00
-30.00
-30.00
-30.00
-30.00
-30.00
-30.00
-30.00
-30.00
-30.00
-30.00
-30.00
-30.00
-30.00
-30.00
-30.00
-30.00
-30.00
-30.00
-30.00
-30.00
-30.00
-30.00
-30.00
-30.00
-30.00
-30.00
-30.00
-30.00
-30.00
-30.00
-30.00
-30.00
-30.00
-30.00
-30.00
-30.00
-30.00
-30.00
-30.00
-30.00
-30.00
-30.00
-30.00
-30.00
-30.00
-30.00
-30.00
-30.00
-30.00
-30.00
-30.00
-30.00
-30.00
-30.00
-30.00
-30.00
-30.00
-30.00
-30.00
-30.00
-30.00
-30.00
-30.00
-30.00
-30.00
-30.00
-30.00
-30.00
-30.00
-30.00
-30.00
-29.99
-29.99
-29.99
-29.99
-29.99
-29.98
-29.98
-29.97
-29.96
-29.95
-29.94
-29.92
-29.90
-29.88
-29.85
-29.82
-29.78
-29.73
-29.67
-29.61
-29.53
-29.44
-29.34
-29.23
-29.10
-28.95
-28.78
-28.59
-28.38
-28.15
-27.90
-27.63
-27.34
-27.02
-26.68
-26.32
-25.94
-25.55
-25.14
-24.73
-24.30
-23.87
-23.45
-23.02
-22.61
-22.21
-21.83
-21.48
-21.66
-22.47
-23.21
-23.86
-24.38
-24.75
-24.96
-24.99
-24.85
-24.55
-24.08
-23.49
-22.78
-22.00
-21.17
-21.48
-21.83
-22.21
-22.61
-23.02
-23.45
-23.87
-24.30
-24.73
-25.14
-25.55
-25.94
-26.32
-26.68
-27.02
-27.34
-27.63
-27.90
-28.15
-28.38
-28.59
-28.78
-28.95
-29.10
-29.23
-29.34
-29.44
-29.53
-29.61
-29.67
-29.73
-29.78
-29.82
-29.85
-29.88
-29.90
-29.92
-29.94
-29.95
-29.96
-29.97
-29.98
-29.98
-29.99
-29.99
-29.99
-29.99
-29.99
-30.00
-30.00
-30.00
-30.00
-30.00
-30.00
-30.00
-30.00
-30.00
-30.00
-30.00
-30.00
-30.00
-30.00
-30.00
-30.00
-30.00
-30.00
-30.00
-30.00
-30.00
-30.00
-30.00
-30.00
-30.00
-30.00
-30.00
-30.00
-30.00
-30.00
-30.00
-30.00
-30.00
-30.00
-30.00
-30.00
-30.00
-30.00
-30.00
-30.00
-30.00
-30.00
-30.00
-30.00
-30.00
-30.00
-30.00
-30.00
-30.00
-30.00
-30.00
-30.00
-30.00
-30.00
-30.00
-30.00
-30.00
-30.00
-30.00
-30.00
-30.00
-30.00
-30.00
-30.00
-30.00
-30.00
-30.00
-30.00
-30.00
-30.00
-30.00
-30.00
-30.00
-30.00
-30.00
-30.00
-30.00
-30.00
-30.00
-30.00
-30.00
-30.00
-30.00
-30.00
-30.00
-30.00
-30.00
-30.00
-30.00
-30.00
-30.00
-30.00
-30.00
-30.00
-30.00
-30.00
-30.00
-30.00
-30.00
-30.00
-30.00
-30.00
-30.00
-30.00
-30.00
-30.00
-30.00
-30.00
-30.00
-30.00
-30.00
-30.00
-30.00
-30.00
-30.00
-30.00
-30.00
-30.00
-30.00
-30.00
-30.00
-30.00
-30.00
-30.00
